source_row,index,valid,issues,x_mm,y_mm,z_mm,r11,r12,r13,r21,r22,r23,r31,r32,r33
0,0,True,,1037.6010964515604,-403.86383390232265,1092.6108839038156,-0.201812918553196,-0.26999847564874563,0.9414735094798977,0.19475070453164292,0.930995071633983,0.30873992239045417,-0.9598665058170693,0.24566033408059326,-0.13530443921003305
1,1,True,,1036.0114636413866,-402.05389765503895,1093.9431911938732,-0.21565392602140301,-0.26442127151179357,0.9399865825444753,0.19181751924779958,0.9324098375774158,0.3062971336765613,-0.9574442143024184,0.24636007379635116,-0.15035720979680733
2,2,True,,1034.301558284453,-400.27862139366437,1095.4217906680294,-0.23073029070440845,-0.2584227737434247,0.9380731330563806,0.1884827907117068,0.9339551240117909,0.30364792760308346,-0.9545877490084326,0.24687141661779147,-0.1667834916894917
3,3,True,,1032.6892808195446,-398.632569454698,1096.8534427502673,-0.24517381882842373,-0.2526986900197683,0.935966436697054,0.18399409670501587,0.9357574778385146,0.3008390184916299,-0.9518592180248047,0.24597015008247458,-0.18292816713019464
4,4,True,,1031.4339533319323,-396.9534018529196,1097.998990095908,-0.25650492969770505,-0.24800929285802997,0.9341823225135634,0.17990380199549877,0.9373784852218516,0.2982552555626663,-0.9496524854220831,0.24456689493724806,-0.19582438773659766
5,5,True,,1030.3259767193993,-395.034284329843,1099.0338054965277,-0.266781822502849,-0.2447961812188792,0.932149284633482,0.1787909660175243,0.9378434567647493,0.2974616632005986,-0.9470275865319758,0.24601723570554881,-0.20643224090054735
6,6,True,,1029.25628465542,-393.1397646553312,1100.0522720095548,-0.27673871356917396,-0.24128297305385693,0.9301603148524293,0.1772028187806243,0.9385501880028381,0.29618019112702104,-0.9444653754523138,0.24679155478688736,-0.21697714869909895
7,7,True,,1028.128277283676,-391.2953246200957,1101.143562245409,-0.2872614757136601,-0.23671431859777517,0.9281417865507412,0.17454054136214187,0.9398231736294378,0.293714149693375,-0.9418155042214057,0.2463711299642936,-0.22865874645046147
8,8,True,,1026.856718162207,-389.5256893832181,1102.396182058259,-0.2992415178720681,-0.23128545381199936,0.925722179077826,0.17081725641338677,0.9415203317712124,0.2904495305088814,-0.9387630046465529,0.24504388120580328,-0.2422344265181399
9,9,True,,1025.547379517175,-387.8822682570734,1103.7010897542136,-0.3117323435474897,-0.22508545074637887,0.9231248484623785,0.16539181537960987,0.9438510820815657,0.2859907030987105,-0.9356647334338443,0.24182984661897539,-0.25700161846263914
10,10,True,,1024.263754714699,-386.2339536598609,1105.0116016572201,-0.3241594071117677,-0.21930337785953902,0.920231876887746,0.16020091085316257,0.94598291300451,0.28187230524710793,-0.9323391802036234,0.238793544223662,-0.2715166593311315
11,11,True,,1023.1444449481075,-384.5201430922621,1106.1794051880283,-0.3351751337806229,-0.21486723681608766,0.9173274770975527,0.15626120863179657,0.9474845144171962,0.2790260375243508,-0.9291071328819255,0.23686528973792165,-0.28399783475459595
12,12,True,,1022.2526908190324,-382.7342172556312,1107.1301376311658,-0.34404149501577247,-0.21135162335058333,0.9148584267603298,0.15325422347499765,0.9486317756257888,0.2767867360625119,-0.9263630998125885,0.23543204025819492,-0.2939781653889893
13,13,True,,1021.438674974737,-380.81972264037347,1108.0304846098006,-0.35220827971775953,-0.20862646095595272,0.9123729103208024,0.15194160429907175,0.9491611448103594,0.2756934349332833,-0.9235058616929732,0.23572891416048763,-0.30260337481171085
14,14,True,,1020.6099870045612,-379.0293465288718,1108.9337135030382,-0.36066375949129514,-0.20468387343709493,0.9099594301640005,0.14855450643519866,0.9505619750472368,0.2726967000388729,-0.9207894499870206,0.23353039106095763,-0.3124265437563148
15,15,True,,1019.5671098422581,-377.34911416108497,1110.077179079149,-0.37146579827941884,-0.1992002968452592,0.906825453130532,0.14332073283675084,0.9527025584216176,0.2679869450477789,-0.9173180082434722,0.22951487296832246,-0.32534688386176996
16,16,True,,1018.3418986356962,-375.81044228394086,1111.4238992708276,-0.3843466075654847,-0.19293123876202503,0.9028040885832618,0.13634508196053993,0.9553324107823632,0.2622022187814817,-0.9130650052860841,0.22386943073700083,-0.34087354561980054
17,17,True,,1017.31142816138,-374.3446910362271,1112.5398509064755,-0.3953870075585564,-0.18729811918418082,0.8992155074307597,0.12862331089210677,0.9580522521116861,0.25610920740746285,-0.909464214880961,0.21692232889630056,-0.3547105088338414
18,18,True,,1016.5204494909075,-372.6826281636853,1113.4298666901686,-0.4039006884476734,-0.18352021268190444,0.8962056490609084,0.12377660636804716,0.9596985609876597,0.25230541760775754,-0.9063904156529377,0.21283562571948328,-0.3649074003594489
19,19,True,,1015.870796142405,-370.85368940015877,1114.2019491029878,-0.4108651924341362,-0.18106317300460306,0.8935356294113658,0.12135471000817546,0.9604978496135129,0.25043345472729744,-0.9035833265421026,0.21132914675766545,-0.37266226496089633
20,20,True,,1015.2920914505575,-369.04815477400984,1114.8803681979243,-0.417202777547494,-0.1784759761470452,0.8911162485024139,0.11845309345902848,0.961484031971957,0.24802685522526716,-0.9010608786628366,0.2090329691730669,-0.3799927772235267
21,21,True,,1014.6468171169408,-367.23813753069595,1115.6552319530024,-0.42430555453054963,-0.17568618499368202,0.8883125355396537,0.11555254453842265,0.9624729153298972,0.2455473410710541,-0.8981160313930594,0.2068338745436406,-0.3880816183434188
22,22,True,,1013.9272050172247,-365.7700272553753,1116.3952938956063,-0.4327301074545758,-0.17089690319360568,0.88517732832534,0.10764101208677002,0.9650499844087834,0.23893919751590084,-0.8950743358064107,0.1986775681133686,-0.39921066782999504
23,23,True,,1013.0355789502507,-364.40168144648726,1117.3405935790586,-0.4431807172172316,-0.16539252659903375,0.881042657328241,0.09833057959189816,0.9679325491357461,0.23116590890678043,-0.8910229789427104,0.18908170844575223,-0.41270589834323185
24,24,True,,1012.1188170487571,-362.94463499196274,1118.363287588466,-0.45378594490788526,-0.16093256682130572,0.8764582278353966,0.09068188177361296,0.9701113689650354,0.22507938182512774,-0.8864846939017359,0.18161674135687805,-0.425629236233667
25,25,True,,1011.5336406474332,-361.421449818208,1118.966608673074,-0.46071251623963194,-0.15779505952589812,0.8734098102090252,0.08410607336438745,0.9718787067635003,0.21994987556925474,-0.883555400528666,0.1747927301947213,-0.43448516161970857
26,26,True,,1011.1325374289797,-359.63136251261125,1119.4326690284358,-0.46536742388221364,-0.1561074196297444,0.8712425806431727,0.08119243881688046,0.9726451150932501,0.21764482066937743,-0.8813858114742937,0.17202311943974635,-0.4399626094454158
27,27,True,,1010.7791879483617,-357.77113279228064,1119.8678942371719,-0.4694294169356483,-0.15480079868954438,0.8692943892839391,0.07924243339732434,0.973153048292098,0.21608743912839612,-0.8794069929587368,0.17032280330266064,-0.44455987606889946
28,28,True,,1010.3605406713027,-356.3024710437767,1120.1802844399504,-0.4748562709943399,-0.1517581211150535,0.8668800347066362,0.07178097501149566,0.9750593330641789,0.21001616278476734,-0.8771311267557145,0.16195298601775643,-0.45211969299753285
29,29,True,,1009.5122687661407,-354.85601560128134,1121.1170493431857,-0.48503879009935474,-0.14792199697465389,0.8618912082797833,0.06406083934327543,0.9769317722374746,0.20371676724212495,-0.8721430966083428,0.1540240085310649,-0.46437379753215335
30,30,True,,1008.6190643396784,-353.8661872201606,1121.8479319362102,-0.4962117046017856,-0.14327207939775008,0.8562984616833288,0.050620201181478225,0.9798377811195462,0.19327575616996306,-0.8667246041555167,0.13925169282909688,-0.4789545141197585
31,31,True,,1008.2143166617178,-352.86819259487396,1121.871258409231,-0.5018731235809226,-0.13988940261178065,0.8535539367046744,0.03746794273027745,0.9823921189814598,0.18303518194783774,-0.8641293428038934,0.12384134850701742,-0.48779483320887573
32,32,True,,1007.9860166666036,-351.09411160197595,1122.0744425279345,-0.5046698976532944,-0.13896407742941935,0.852054739783075,0.034534876011773345,0.9829203188046566,0.18076224500653865,-0.8626213750780031,0.12065086848068188,-0.49125118950837404
33,33,True,,1007.8369327939693,-349.3621070416395,1122.1310008042474,-0.5066335534930964,-0.1380878394883378,0.8510312515180632,0.031073412204706437,0.9835244292426216,0.1780846431810778,-0.8616013495398637,0.11666810047488754,-0.4939956161775803
34,34,True,,1007.6313994621713,-347.8112881972333,1122.1420331566712,-0.5094287886586981,-0.13677838834209047,0.8495728231106923,0.025341440428302036,0.9844738373493528,0.1736924724093109,-0.8601395937188047,0.11001334490497358,-0.49805315304701075
35,35,True,,1007.195552730278,-346.4432383134231,1122.3788924339924,-0.514935965543458,-0.13487703375331905,0.8465513198594239,0.017368908227138036,0.9857000224044236,0.16761201287173952,-0.8570526660694918,0.10101312586899261,-0.50522972595182
36,36,True,,1006.6945072472923,-345.7245933592084,1122.2469990276338,-0.5217484479099459,-0.13197685457179995,0.8428289666123825,0.0015241904347502355,0.9878152672869885,0.1556235025895961,-0.8530980213006482,0.08248095278347221,-0.5151899246693878
37,37,True,,1006.2659332209191,-344.91272303280186,1122.0820843312952,-0.5275369837726175,-0.12964479048635172,0.8395814189534206,-0.012922737163376065,0.9893971852536304,0.1446589529769923,-0.8494337723544405,0.06546325772479805,-0.5236189724138739
38,38,True,,1005.9991154873134,-343.43830313051313,1122.1123819602424,-0.5308827421391447,-0.1287095404081435,0.8376140927102094,-0.019192325489830565,0.9899715690826882,0.1399569471310835,-0.8472279319882666,0.058224965572209436,-0.5280290566275687
39,39,True,,1005.9819713217224,-341.95668804619845,1121.761498582512,-0.5314691674207057,-0.12805038864346446,0.8373431925139175,-0.025305059863572465,0.990467070264716,0.13540545286852862,-0.8466995795596234,0.05077480368734094,-0.5296430319413908
40,40,True,,1006.0142634047866,-340.3490746818979,1121.4154405934114,-0.5313702840212924,-0.12768563684826809,0.8374616405554247,-0.02983166523467107,0.9907828729718479,0.13213391076849965,-0.8466142527789488,0.0452291583859739,-0.5302816517882162
41,41,True,,1005.9554464409877,-339.2496935565252,1120.8128406683823,-0.5325549134058188,-0.12683042446314874,0.8368388779435493,-0.04010565968704296,0.9913798655162668,0.1247297009938538,-0.8454447351946713,0.032863439860224615,-0.5330508362737699
42,42,True,,1005.6688010487022,-338.967251641422,1119.926585604218,-0.536580595595203,-0.1253240185535327,0.8344909554957988,-0.05934830136673956,0.992066046995992,0.1108275124805621,-0.8417594927029811,0.009942271940571686,-0.5397611579884939
43,43,True,,1005.2045270954316,-338.45198412450026,1119.4988992539977,-0.5421732301024762,-0.12427764329152394,0.8310254243632696,-0.07563239191498437,0.9922052318568626,0.099037968320678,-0.83685597915858,-0.009156705399550304,-0.5473465309041067
44,44,True,,1004.995152260069,-337.35284218480444,1119.1176658465056,-0.5447093222087122,-0.12381840085780925,0.829433998524259,-0.08532303003879219,0.9920906198880975,0.09206618529650182,-0.8342731775886871,-0.02062051258008165,-0.5509655702646127
45,45,True,,1005.1504294560185,-336.0935816876205,1118.3132849316644,-0.5433604166319284,-0.1234442968723679,0.8303739899631153,-0.09316298400305377,0.9918868813217588,0.0864931966887687,-0.8343141590847083,-0.030363139354848946,-0.5504525081415236
46,46,True,,1005.4199526405016,-334.5532335786684,1117.5542666994172,-0.5407076460366173,-0.12322020960674014,0.8321370208457326,-0.09792380586544397,0.9917083126118428,0.08321989510567039,-0.8354915737231388,-0.036488390496745175,-0.5482904591515249
47,47,True,,1005.5724317120323,-333.92604823634525,1116.235678560078,-0.5394002041037822,-0.12285930431602941,0.8330384211762262,-0.11191713603419207,0.9909818054162852,0.07368592807167569,-0.8345789204591153,-0.053485069663049785,-0.5482858495788819
48,48,True,,1005.3977484527147,-334.00682715808364,1114.8608729654231,-0.5414258672400417,-0.12262588966149111,0.8317577300320669,-0.13267995497734375,0.9893716496289972,0.0594959532876562,-0.8302132616566534,-0.07814493006667002,-0.5519414009424338
49,49,True,,1005.0790614573109,-333.7806881235309,1113.9414036393223,-0.5446821203974889,-0.12274786777651976,0.8296109622441195,-0.14997645823255495,0.9875407645689646,0.047647668259462206,-0.8251232936327239,-0.0984692808487149,-0.5563050880891013
50,50,True,,1005.1407504755264,-333.14837059717604,1112.8084687997386,-0.5441830937072911,-0.12257113084722523,0.8299645043048491,-0.16305610850321925,0.9858581765724,0.03868282778092941,-0.8229686907792715,-0.11428024137257957,-0.5564733240945849
51,51,True,,1005.5771088250275,-332.1028738520001,1111.4781041137658,-0.5400819508823926,-0.12198678648330565,0.8327248706833159,-0.17199787337555444,0.9845552482175162,0.03267559887181971,-0.8238496330553019,-0.12557940567952103,-0.5527219870638609
52,52,True,,1006.1339352851782,-330.73708034158756,1110.2420135174018,-0.5348753755914847,-0.12123711369778901,0.836187715078437,-0.1778318105311258,0.9836374997811785,0.028863752137480308,-0.8260049514071268,-0.13326226505076932,-0.5476832925737726
53,53,True,,1006.480426459106,-330.8795703225874,1108.1335231530572,-0.5314626314913184,-0.12096425229940731,0.838400334562176,-0.1971189940885205,0.9802411296217445,0.016475131787521507,-0.8238273930246875,-0.1565087136984127,-0.544805881978724
54,54,True,,1006.4595663179604,-331.5369317928156,1106.2051823651675,-0.5313527550100507,-0.12131125106405288,0.838419841194436,-0.22042672870586655,0.975402480357026,0.0014347771227147027,-0.8179708472893513,-0.18404777009960183,-0.5450230374086079
55,55,True,,1006.4197101992688,-331.59837808147375,1104.7556292270604,-0.5314312912812941,-0.12166126889537217,0.8383193414790477,-0.23805458297310647,0.9712006769041833,-0.0099629667447311,-0.8129642047301939,-0.204860393516229,-0.5450884524513238
56,56,True,,1006.90080680013,-331.31754856111417,1102.94380751649,-0.5271710440676721,-0.12078829816085293,0.8411307135778632,-0.25246324611317217,0.9674138617700458,-0.019306201520923195,-0.8113895486500923,-0.2225322607681222,-0.5404871814010284
57,57,True,,1007.7369329100562,-330.3993660958057,1101.1625397193131,-0.5200101326953362,-0.11905744078027504,0.8458219598053897,-0.2613134064412418,0.9649345589400845,-0.024831443316467,-0.8132064716345125,-0.23393721969356618,-0.5328870534492192
58,58,True,,1008.6613908066245,-329.26458382415683,1099.4672381962068,-0.512282594851664,-0.11701177603832871,0.8508083140639859,-0.2682924423560026,0.9628974438230578,-0.029114911191215394,-0.815834363327935,-0.24318050281093126,-0.5246689762754472
59,59,True,,1009.2267124285545,-330.70663697246255,1096.4256223859622,-0.5070317014992539,-0.11626356342548264,0.8540501375764659,-0.29533586957209484,0.9543131306809244,-0.045422161486081594,-0.8097503181962117,-0.2752621158633746,-0.5182038110160443
60,60,True,,1009.4225289052021,-332.355966213813,1093.8548748102196,-0.5048792962541038,-0.11631574714044365,0.8553172178678047,-0.32305067421893796,0.9443307911517332,-0.062270528899563096,-0.8004593419410199,-0.30774990471144276,-0.5143489458037678
61,61,True,,1009.8172292958876,-332.3709303958074,1092.137575647451,-0.5015658428351504,-0.11547144812914226,0.857378591969746,-0.33792859559238575,0.9384674820767256,-0.07129550733060669,-0.7963893329157687,-0.3254921346999488,-0.5097243379184943
62,62,True,,1010.8551962887251,-332.230137820923,1089.8964728379203,-0.4937247570124014,-0.11252015536122292,0.8623079954114605,-0.35140079680699976,0.9328458163180784,-0.0794742913228152,-0.7954579462903433,-0.3422541418527236,-0.5001087462424596
63,63,True,,1012.1370869550162,-331.45451082885614,1087.815185392562,-0.48420334489581224,-0.1087902627497315,0.8681657673063085,-0.3600461444912865,0.9291105914337973,-0.0843817677137617,-0.7974420948436737,-0.35343767147318067,-0.4890479708116059
64,64,True,,1013.2803977125941,-331.17697041266814,1085.6322672848228,-0.47579490953281417,-0.105450693217439,0.8732120907102827,-0.37203587258635834,0.9237308042955684,-0.091163099466667,-0.7969996948378139,-0.36824116078383207,-0.47873785512846995
65,65,True,,1014.0181623718531,-333.92395845085207,1082.1302312227826,-0.46990110957055764,-0.10369443348234535,0.8766073303875199,-0.4040693352040682,0.9081905678579222,-0.10916897362184652,-0.7848062942994922,-0.40550876306028266,-0.4686594963395261
66,66,True,,1014.7145843805263,-336.47560714854274,1079.0421830576506,-0.464753542345057,-0.10171933845830261,0.8795779221088524,-0.43355354758146164,0.8922905224202771,-0.1258925930246837,-0.7720333323485784,-0.4398531570678498,-0.4587959611419817
67,67,True,,1015.9025888885731,-336.0805268217956,1077.1163636558463,-0.4570365352697204,-0.0975269236431233,0.8840848967114856,-0.44365402282510263,0.8864892997318853,-0.13155922427551398,-0.7709012345688344,-0.45235519299061894,-0.4484262101111698
68,68,True,,1017.5167856476023,-335.87540716915714,1074.7745277955783,-0.4468273911607645,-0.09168848557571302,0.8899092673533058,-0.45475821087549245,0.8799089410700638,-0.13767797596667478,-0.7704156359717698,-0.46621183708459335,-0.43486350825566206
69,69,True,,1019.0557165129499,-335.8193091877764,1072.4682513953749,-0.4371282091377136,-0.0861667612233148,0.8952620946048926,-0.4665166647851729,0.8727473330207413,-0.14378558405800643,-0.7689480673321014,-0.480507421342759,-0.42170070877431354
70,70,True,,1020.1290409952795,-336.9628314554209,1070.0264370904447,-0.4303615094418006,-0.08235439647821705,0.8988919426558921,-0.48510906908408635,0.860896755296879,-0.15338177144522946,-0.7612214935768341,-0.502070244189012,-0.4104476916936429
71,71,True,,1021.1175969979043,-340.3864159846368,1066.6934006528427,-0.4242131442885001,-0.07880434130798036,0.9021269777608247,-0.5160140230754438,0.8396828846611357,-0.1692990879970992,-0.7441590799031883,-0.5373290695636795,-0.3968686619014796
72,72,True,,1022.7104360153554,-342.72695887676275,1063.6065333920126,-0.41532974689598995,-0.07240974984458068,0.9067844448769278,-0.5397486014082269,0.8220102692519897,-0.1815779846846377,-0.7322381092385017,-0.5648503743220117,-0.3804883782812654
73,73,True,,1024.8161377320998,-342.2143917219045,1061.4155684641933,-0.40407974882762304,-0.06370513357954367,0.912502719197602,-0.5476689146144653,0.8158583227298828,-0.18556388979916308,-0.7326515655838174,-0.5747319837872215,-0.36456114749049506
74,74,True,,1026.9403270084479,-342.59827441645126,1058.9089679816648,-0.39289073682428477,-0.05491816858945668,0.9179438238130102,-0.5601203168868917,0.8059687794256054,-0.1915190779053826,-0.7293161862513398,-0.5894050571126618,-0.34741844959906976
75,75,True,,1028.750639943434,-343.92658571264286,1056.331855246095,-0.38360486394014254,-0.047344299546218965,0.922282942302384,-0.5770630741443423,0.7919931466708936,-0.1993616414594793,-0.7210031323236717,-0.6086915252628499,-0.3311330703095652
76,76,True,,1030.2135041833196,-346.17236576593353,1053.7448840254353,-0.3765389441744221,-0.040992375419761425,0.9254934082301487,-0.5980019727538843,0.7737580180915651,-0.2090267208312757,-0.7075394434958903,-0.6321535846583952,-0.3158635485475765
77,77,True,,1031.8636884856533,-348.90244166952397,1051.002958419932,-0.3691106951619068,-0.033540707889169276,0.9287800146597618,-0.6204558140388978,0.7529299726353785,-0.2193878737136964,-0.6919478864354038,-0.6572453706353372,-0.2987250328244955
78,78,True,,1034.018998955639,-350.1807391805733,1048.5758937045846,-0.3596349421754177,-0.023748961097592947,0.9327908099961476,-0.6354924647453957,0.7382243218585676,-0.2262171033946823,-0.6832364419571795,-0.674137105834743,-0.2805835471271447
79,79,True,,1036.4722978701388,-349.8046642359053,1046.5837445406119,-0.34883117305653166,-0.012723083954482104,0.9370992134447084,-0.642777677895017,0.7309148803852829,-0.22934754071334093,-0.6820217514888319,-0.682350028039902,-0.2631440094891981
80,80,True,,1038.73289442256,-351.58626704398637,1044.0708373756936,-0.33930107596698295,-0.0024130781415972235,0.9406747349118771,-0.6593363503492947,0.7138513384260622,-0.23599119419035922,-0.6709324533481146,-0.7002931126901095,-0.24380155734342213
81,81,True,,1040.585766699402,-354.49531629099,1041.5946117480787,-0.3321915333392731,0.006369583223975985,0.9431904439651917,-0.6800430519762376,0.6913159425794231,-0.2441796776850359,-0.6535979135803195,-0.7225245296493932,-0.22531771217189417
82,82,True,,1042.320087546723,-356.8882657024224,1039.449736279406,-0.32601067197780337,0.014792080094643808,0.945250356319983,-0.6978437170709754,0.6707634090727712,-0.25117841386878537,-0.6377548026484361,-0.7415238657086823,-0.2083534695734785
83,83,True,,1044.4098037446538,-358.60279334019776,1037.4186013959861,-0.31875645043880996,0.024974233201547593,0.9475075793784686,-0.7123630610894245,0.6531150973234177,-0.2568648260146332,-0.6252465069866089,-0.7568467198344837,-0.19039392893899496
84,84,True,,1046.8801396707504,-358.9887678778275,1035.6021481575704,-0.3098961529336529,0.03676358623325599,0.9500593734731488,-0.7214405527950164,0.6417490442324172,-0.2601570545066962,-0.6192640011979892,-0.7660330299367313,-0.1723528179816273
85,85,True,,1049.4572940891348,-358.6505736534432,1033.9790077722307,-0.30063207189100455,0.04895089180247917,0.9524831586659492,-0.727651027537661,0.6338394745684687,-0.2622432126903457,-0.6165584639544802,-0.771914069486047,-0.1549333077668656
86,86,True,,1051.596121287205,-362.19541655164426,1031.6721953125877,-0.29411347220841705,0.05955907424984013,0.9539129845745945,-0.7477172882983434,0.6073294674710423,-0.26845814333171597,-0.5953285834270692,-0.7922143867766113,-0.13409042896074702
87,87,True,,1053.2833031086416,-366.48255237731985,1029.6395938293153,-0.29002036723602304,0.06838901633111391,0.9545737944410295,-0.7692599418445076,0.5767101607464338,-0.2750355110984895,-0.5693218144965703,-0.8140812815297287,-0.11464876188275083
88,88,True,,1055.1482621183031,-367.9461884347461,1028.1858962621518,-0.28497968590725004,0.07782996001379312,0.9553685550322746,-0.7805917845229089,0.559599302089361,-0.2784332721433285,-0.556294027071607,-0.8251006716912498,-0.09872100596682902
89,89,True,,1057.4210956994666,-368.6082256083064,1026.7899004416633,-0.2787008782799576,0.08920524087507703,0.95622604307057,-0.7890428367720392,0.5463365331454261,-0.280940908892546,-0.5474826227239667,-0.8328017876728269,-0.08187771530905358
90,90,True,,1059.9351322491175,-368.4353661167781,1025.4784225128449,-0.2712901795616574,0.10148529775260527,0.9571323695359324,-0.7947397245431487,0.5373376608170947,-0.28223573214724806,-0.542946045852149,-0.8372388981692609,-0.06512003290722564
91,91,True,,1062.3871473973907,-368.17103883411846,1024.264060370897,-0.26422771829540154,0.11345444257622479,0.9577639596185086,-0.8000617733646994,0.5287805398574135,-0.2833589586878006,-0.5385952763299529,-0.8411416231098189,-0.04894791300189712
92,92,True,,1064.158678796105,-373.4251076069985,1022.3971640776376,-0.26126464671096467,0.12291661339073248,0.9574091552369592,-0.821335436211454,0.4927599796243369,-0.2873946828039164,-0.5070984969434789,-0.8614401364187627,-0.027784991712942617
93,93,True,,1065.5114753160915,-378.6749973048892,1020.9982291902825,-0.260100217897304,0.13055996608347825,0.9567141537084398,-0.8410258374419035,0.45613109804190266,-0.29089510507094013,-0.47436633249517196,-0.8802832025293731,-0.008835493178691601
94,94,True,,1067.393897896982,-378.51737770358847,1020.1450826701356,-0.2558790808185594,0.14008705084176928,0.9565048427404353,-0.8457842106555528,0.4467303541686924,-0.2916865778024047,-0.46816125961597116,-0.8836331868206232,0.004174463320835597
95,95,True,,1069.5930742782705,-378.43108318051696,1019.223415311555,-0.25101158124904543,0.15118668783753994,0.9561044772929203,-0.8506271472916491,0.4369523123194223,-0.29241431744902835,-0.46198121430348765,-0.8866878042351911,0.018923410137994714
96,96,True,,1071.8800195148406,-377.95984510494753,1018.3360008590021,-0.24560335135196926,0.1625277279282679,0.9556483304328826,-0.854460579547016,0.4292775163592495,-0.2926054202310885,-0.4577948359307461,-0.8884286980973258,0.03344153992016605
97,97,True,,1073.877317476018,-378.81613245318704,1017.413174997334,-0.24153254098482635,0.17260595065433215,0.9549184349692531,-0.8614456592043962,0.4148868464519532,-0.29288270839886876,-0.44673639641663015,-0.8933510454686151,0.04848197269930091
98,98,True,,1075.193411168964,-384.33111488010746,1016.2633220919839,-0.24107848245071314,0.17994965172836927,0.9536767209815387,-0.878713967538882,0.3766857459419928,-0.2932057503805154,-0.41199869969617364,-0.9086946525907166,0.06731344443496493
99,99,True,,1076.3675383774,-388.699916473708,1015.5069702088704,-0.24097504065066588,0.18657378230636557,0.952429133079888,-0.8920982382217378,0.343898434038291,-0.29307780609879497,-0.38221952219252425,-0.92028478789009,0.08357120337179724
100,100,True,,1078.1071648375573,-388.1406874354002,1014.9539564207831,-0.23801095329729266,0.19542930183605284,0.9513980103481334,-0.89496751793477,0.3364281646788707,-0.2930003956524353,-0.3773379492605945,-0.9212076193750678,0.0948292890046606
101,101,True,,1080.0353879564016,-387.650163938353,1014.3703265129375,-0.23470442585469392,0.20519486222691027,0.9501625655643869,-0.8979298586808359,0.32864104996673155,-0.29277470718314863,-0.37233828889013376,-0.9218948577752475,0.1071170846967176
102,102,True,,1081.9577540943558,-387.0295196830169,1013.8085214800558,-0.23123159562259243,0.21482889112033418,0.9488838162419241,-0.9006219060697672,0.3216324023944097,-0.29228886403224447,-0.36798387395793486,-0.9221719716354473,0.11910803179006278
103,103,True,,1083.4568679401523,-388.85527707197383,1013.2025257903178,-0.22951173372153372,0.22257515265914926,0.9475149948696813,-0.9078122553762072,0.302118066601933,-0.2908635123584153,-0.3510003889925193,-0.9269223134931355,0.13271681007179847
104,104,True,,1084.345058095641,-394.23657589214366,1012.6607621676241,-0.23042381667212056,0.2276444424850911,0.9460881948930051,-0.9205432185721738,0.26417777513635154,-0.2877677637693118,-0.3154442065580474,-0.937223618422871,0.14868369654842653
105,105,True,,1085.2956675414396,-397.3884166989536,1012.3571303313738,-0.23075566428623762,0.23288025058280062,0.9447320320007728,-0.9285434056027891,0.23746496540381126,-0.28533757922387465,-0.2907902462452815,-0.943067961015673,0.1614430351373197
106,106,True,,1086.7010318228654,-396.8756742911343,1012.0344006187776,-0.2291961638434718,0.24007710367800403,0.9433091236540742,-0.9307164326717186,0.22971612094436358,-0.2846004668532797,-0.28501936852478416,-0.9431826377048379,0.1707936518078991
107,107,True,,1088.2164521307795,-396.3208137082957,1011.698711409483,-0.22739555531237865,0.24778057787960003,0.9417515843627906,-0.9327993297382544,0.22224898576715113,-0.2837090036733697,-0.279600915349071,-0.9429794131109779,0.18059112543211397
108,108,True,,1089.6905013649935,-395.55088247810676,1011.3826611688557,-0.22550348366182354,0.25521293038481224,0.9402204736234894,-0.9345596372495293,0.21596519059756666,-0.2827672556612326,-0.2752207537240059,-0.9424571059812503,0.1898108008123785
109,109,True,,1090.66447343769,-398.00005007717397,1011.1045057815445,-0.22528619362507654,0.26031006319332456,0.9388742205227557,-0.9405847748005114,0.19317471590531943,-0.27925581560349017,-0.25405985982715945,-0.9460032770213782,0.20132408571608504
110,110,True,,1091.2260305323632,-402.6403422030919,1011.0172927649065,-0.22642935782847548,0.2634795854213019,0.9377143776116493,-0.9485793716586728,0.15897604051557782,-0.2737221112837376,-0.22119430728891207,-0.9514752369915931,0.2139344568197702
111,111,True,,1091.9952385750858,-404.74173511592534,1010.9651184738144,-0.22679454496468793,0.2675745873398743,0.936465735937069,-0.9529198809167552,0.13773566928664593,-0.2701343850007937,-0.2012658314962017,-0.953641822497344,0.2237394454629913
112,112,True,,1092.9764677513836,-404.7965789712087,1010.8461890997152,-0.22644441781552682,0.2726348003561635,0.9350899375327179,-0.954921236611812,0.12706086406939962,-0.2682926922033199,-0.19195926002137775,-0.9536906219821459,0.2315725373081891
113,113,True,,1094.0325324476855,-404.2974262034819,1010.7006870609192,-0.22576758034248068,0.2780143878824535,0.9336685706377003,-0.9563420755360218,0.1193230830422807,-0.26678050230993033,-0.18557703043683862,-0.9531369271954737,0.2389375729989216
114,114,True,,1095.0601363944124,-403.38924682413636,1010.554551761981,-0.2249703224924291,0.28321282638138956,0.9322976182371793,-0.9573593506012461,0.11373737882246195,-0.26556897875120133,-0.18124962845206802,-0.9522889811562774,0.24554891275329774
115,115,True,,1095.6170278898803,-405.87288965586873,1010.5537476756738,-0.2252497785494759,0.2861135093208837,0.9313439735390469,-0.9612258981585149,0.09082060434425515,-0.26037740020190075,-0.15908271424881018,-0.9538818991943567,0.2545623939559779
116,116,True,,1096.018741203622,-409.2880411961091,1010.7218419271694,-0.22594281733194352,0.2882621310270589,0.930513184813543,-0.9651740777994929,0.06306048893520426,-0.253894415612379,-0.13186676169529024,-0.9554728246009888,0.2639750719462083
117,117,True,,1096.5644648452692,-411.1185955799372,1010.8357273263503,-0.22635935184312844,0.2911006237667643,0.9295277675657461,-0.9674854200181924,0.043361041797985334,-0.24918222670651138,-0.11284239400766305,-0.9557092899500319,0.271820431935911
118,118,True,,1097.0178919608074,-412.2143129685399,1010.9675702966147,-0.2267763021917725,0.2934600932590373,0.9286838441733672,-0.9690604351326635,0.027408934851806437,-0.24529701048072822,-0.09743911855471055,-0.9555783191108339,0.2781648687749669
119,119,True,,1097.6286286014813,-411.5944262392161,1010.9600476474061,-0.2266891977616021,0.29656518544508326,0.9277182214444882,-0.9697007834949076,0.020334207984851336,-0.2434479625607722,-0.09106260542925168,-0.9547961095268205,0.2829699473882063
120,120,True,,1098.261860372086,-410.55730499738485,1010.9265224280739,-0.22651645130203293,0.29977178019551165,0.9267292900777161,-0.9701263266175353,0.015414840173809138,-0.24211008468459783,-0.08686315498012356,-0.9538863991591607,0.28732478105111164
121,121,True,,1098.5817554869466,-412.2663049490471,1011.08527407865,-0.22661350497039073,0.3013999912915074,0.9261772857366531,-0.9715968141491292,-0.0034069306731969633,-0.23661788511997658,-0.06816120671098133,-0.9534917084447392,0.29361132782444815
122,122,True,,1098.986753593953,-414.1242605096727,1011.3142758887348,-0.22675576650979581,0.3034603248341667,0.9254694233771837,-0.972730999421135,-0.023004372066442662,-0.2307925510734451,-0.04874653956656877,-0.9525663389587997,0.300401639081604
123,123,True,,1099.2052142515345,-416.87149097025065,1011.6509150973299,-0.2270975747702926,0.30457877914294545,0.9250180856768393,-0.9735649406888954,-0.04715201181042766,-0.22349047864205918,-0.024453993434177403,-0.9513193234019912,0.3072353285790862
124,124,True,,1099.0524864526055,-419.42177952072876,1012.1351994501482,-0.22748170642542748,0.3038214477616666,0.9251727412336469,-0.9737821237027257,-0.07032097244632206,-0.21634078762732978,-0.0006699244624550348,-0.9501302482892587,0.3118526294373772
125,125,True,,1099.283065292781,-418.26735853659267,1012.1833519138643,-0.22753802930121994,0.3049883652964884,0.9247748603068171,-0.9737631093597884,-0.07462290496637757,-0.21498099661210948,0.0034426837894335344,-0.9494279957364617,0.3139659676464493
126,126,True,,1099.6002401032392,-417.29410943847716,1012.2385535656656,-0.22758485375967494,0.3065920190024872,0.924232907996229,-0.9737221203137596,-0.07982983573803486,-0.21328954437035788,0.008388489188396643,-0.9484874966018355,0.3167034923064778
127,127,True,,1099.9414226403708,-417.0523145685968,1012.3450568159375,-0.22748802937732854,0.308314930599827,0.9236834414772432,-0.9736310327177689,-0.08865520482518546,-0.2101972092734234,0.01708240670838437,-0.947144211948016,0.32035298212194163
128,128,True,,1100.3405992031796,-417.882060330007,1012.554581359835,-0.22738097014230804,0.31032972960713484,0.9230348603054521,-0.9733037031234544,-0.10286045343213986,-0.2051819402528042,0.031269728225770656,-0.9450477162777005,0.3254335847066023
129,129,True,,1100.0930118638723,-422.3329788191969,1013.26162386431,-0.22698309730042304,0.309088597097291,0.9235490851515882,-0.9717228984156014,-0.13523079597132517,-0.193564564204672,0.06506367830586784,-0.9413696781633613,0.3310435723585645
130,130,True,,1099.4593189674408,-425.7587673230403,1014.0767754689653,-0.22636130141198668,0.3059009103094428,0.9247622366289218,-0.9694910703115589,-0.1624397012470144,-0.18357670888467523,0.09406181908308917,-0.938103393305149,0.3333382631204304
131,131,True,,1099.2615050101022,-424.94396505291706,1014.2638911246707,-0.22616856778094535,0.3049063106812548,0.9251377846865094,-0.9688923435697381,-0.1683822034602306,-0.18136995376803222,0.10047589521799037,-0.9373790990120399,0.33350415172156367
132,132,True,,1099.2048617895507,-424.0871701912669,1014.4262592619572,-0.22601048692636627,0.30462652758200803,0.9252685764104578,-0.968285946216236,-0.17409651404231577,-0.17920025155797759,0.10649688333202771,-0.9364256951256954,0.33431322341319764
133,133,True,,1099.1815945118412,-422.92552743922744,1014.5343324849254,-0.22581934547400268,0.3045198553822292,0.9253503557505552,-0.9678382786049472,-0.17824866903553607,-0.1775288102085757,0.11088142169320159,-0.935678935140172,0.3349779704073811
134,134,True,,1098.9271291877208,-423.4170830225543,1014.8755831838766,-0.22512421595180904,0.30327450213452156,0.9259285413827254,-0.9663898789295754,-0.19057930782667987,-0.17254022525424098,0.12413576960152897,-0.9336509539347999,0.33598542665132736
135,135,True,,1098.5161713016228,-426.3552376310558,1015.5954706138988,-0.22370979089064544,0.3012915626607936,0.9269181861033264,-0.9629988246237985,-0.2149733669936558,-0.1625414262783292,0.15029036307377214,-0.9289832322237189,0.3382350676886205
136,136,True,,1098.3394556773214,-428.7794135237142,1016.2932324450198,-0.2225185056215242,0.30049167296864326,0.9274644301171175,-0.9593668981029937,-0.2367830735360842,-0.15345660921265472,0.17349544512811793,-0.9239256087820661,0.34097037988142737
137,137,True,,1098.124665640203,-429.909983883168,1016.8249610975894,-0.22155771978481392,0.29948591530121477,0.928019592109966,-0.9564540470634777,-0.2521861110268853,-0.1469619721595704,0.19002061114428814,-0.9201686540745285,0.3423182954488734
138,138,True,,1097.7891511438445,-429.9461751773644,1017.217019111199,-0.22068310450188597,0.2978548850992247,0.9287526230433686,-0.9544091501707802,-0.2621853979028296,-0.14269544911041845,0.20100283942695635,-0.9179004763856824,0.34213531532602515
139,139,True,,1097.5683107749405,-428.58392082795933,1017.3535533940203,-0.2202541544875704,0.2967675151289085,0.9292024264901478,-0.9537478894295244,-0.26530808658272964,-0.1413385389854395,0.2045802308134714,-0.9173552535185178,0.34147659949443515
140,140,True,,1097.3218050608698,-428.1797041820508,1017.6349854743507,-0.21942481859281548,0.29560202132130575,0.9297699683127373,-0.952061569744585,-0.27307839324586325,-0.1378657265520856,0.21314670159537252,-0.9154494175720557,0.3413515013384256
141,141,True,,1097.2603539220333,-428.4104325262235,1017.9930168422111,-0.2185474873775915,0.2954045653026911,0.9300393209748015,-0.9495870749300825,-0.2839102644227395,-0.13296371264800025,0.2247696218056865,-0.9122122036860383,0.34256023201707225
142,142,True,,1097.0706891403252,-431.02229918761947,1018.7627700395163,-0.21663268357598514,0.2947084864490094,0.9307078964001547,-0.9440054148899404,-0.30624291840617673,-0.12275606536761968,0.24884544815033013,-0.9051862697483882,0.344548632262355
143,143,True,,1096.3547402810082,-434.74048284837806,1019.9283478917873,-0.2134196453574731,0.2914774674196625,0.9324660535172903,-0.9362138998184656,-0.33379206341704226,-0.10993812890209419,0.2792052806846437,-0.8964506368933055,0.3441230402797763
144,144,True,,1095.638920918084,-435.5106540851106,1020.5967339252951,-0.21115665258991767,0.2880998033175029,0.9340296416042894,-0.9320878582914788,-0.3470831745068467,-0.10366047655617838,0.2943214101838755,-0.8924862874591778,0.34182324994755553
145,145,True,,1095.1308460443013,-434.5294220137157,1020.8848812109225,-0.20988239197845251,0.2856473908330223,0.9350694892079893,-0.930511979539846,-0.35196226490166665,-0.10134110724738639,0.30016135239274305,-0.8913630754050651,0.3396690011381432
146,146,True,,1094.7019035198998,-433.4284375022016,1021.1284795826396,-0.20873452820159438,0.28359255884726664,0.9359514716602124,-0.9291030383671248,-0.35625029626942784,-0.09926364140470559,0.30528255900629975,-0.8903151054398688,0.33784844559678034
147,147,True,,1094.2305066643166,-432.20817834767104,1021.3571387144198,-0.20753317032776142,0.2813218042560836,0.9369034238723917,-0.9278647614958239,-0.359959893025036,-0.0974467022926,0.3098337741241364,-0.8895430950007461,0.3357322065999734
148,148,True,,1093.4950391581617,-434.2309140440903,1022.219195051955,-0.20412603060644274,0.27810799671879816,0.9386098794440182,-0.9211874158530498,-0.3790306977678068,-0.0880311025923787,0.33127980394650985,-0.8826050488812687,0.33355961863879086
149,149,True,,1093.0954009730294,-436.8697257678566,1023.2401583320941,-0.20083453493941314,0.27666596489215867,0.9397454088453747,-0.912880596969785,-0.4008854754282015,-0.0770704305605844,0.3554075199707495,-0.8733537539055957,0.3330746392135638
150,150,True,,1092.8846201424772,-438.504586065822,1024.045077651513,-0.19838785467327263,0.2760882299212565,0.9404347656361307,-0.9059077353126418,-0.4179120334597676,-0.06841569549630211,0.3741302369748496,-0.8655199718021933,0.33301913487466955
151,151,True,,1092.306272641482,-439.6721793064021,1024.8745055182962,-0.1953190303652081,0.2736667830354094,0.9417839286376919,-0.8994981586577884,-0.4326704228302259,-0.06082242825768959,0.3908369723406975,-0.859012687374851,0.33067153488105555
152,152,True,,1091.7801433645745,-438.5391063186754,1025.1695590562445,-0.19362449589410682,0.2712122852886845,0.9428432801363344,-0.8976892178958173,-0.4366971266356877,-0.05873404176225159,0.39580755761272274,-0.8577525959719525,0.32801960526777646
153,153,True,,1091.2951904492086,-437.0920346758916,1025.387630554816,-0.1921851867164443,0.26891704618149365,0.9437947214727289,-0.8965231360086946,-0.43926253135426424,-0.05739943509634688,0.3991379718943077,-0.8571651245945933,0.32551010517468487
154,154,True,,1090.79530880212,-436.74509327313405,1025.8288648802386,-0.1899918836927445,0.2667473088155239,0.9448539344102656,-0.8929850438940345,-0.4469081841172455,-0.05339275560031979,0.4080205822166964,-0.8538846223048532,0.3231102850093855
155,155,True,,1090.5366633786914,-436.7697742930526,1026.316212701853,-0.18807759990930256,0.26583755988928476,0.9454931031818621,-0.8885357367052049,-0.456239974470497,-0.048469890580637685,0.41848663181766643,-0.849220511673659,0.32201469150123224
156,156,True,,1089.9651124921054,-440.5441134488371,1027.696113424641,-0.18285809458835323,0.2641625465470251,0.9469852513346276,-0.8751412629537869,-0.48264666960750313,-0.03435057775986538,0.4479851416276746,-0.8350271500487733,0.3194353949740945
157,157,True,,1089.2218798729612,-444.04349615666865,1029.239852871538,-0.17704572907309796,0.26168322933517896,0.948776421134973,-0.8614033189565506,-0.5074968020007471,-0.020768198035788187,0.4760663104102352,-0.8209560788761643,0.31526494357707924
158,158,True,,1088.6992286992704,-443.39107322467254,1029.693136881198,-0.17461169773243437,0.25947068046320954,0.9498345755945906,-0.8578873059533864,-0.513542448763141,-0.01742192877949418,0.48325989415534787,-0.8178930977201825,0.3122671218726786
159,159,True,,1088.122647655285,-442.65574701716486,1030.1468225922358,-0.17203270312813548,0.25699209948624124,0.950978343526329,-0.8545333710536998,-0.5192002298701123,-0.014277221663282684,0.4900790413902911,-0.8150988787285114,0.3089277441174503
