source_row,index,valid,issues,x_mm,y_mm,z_mm,r11,r12,r13,r21,r22,r23,r31,r32,r33
0,0,True,,1066.2067002122267,-396.1361660976773,1325.5848307120552,0.03639451223044314,-0.32140898071743607,0.9462408290671498,-0.19475070453164284,-0.930995071633983,-0.30873992239045395,0.9801773322026668,-0.1730446292359678,-0.09647773695858315
1,1,True,,1064.3419719850351,-397.94610234496105,1324.6766656251707,0.022378636481768376,-0.3161667257372452,0.9484396650108041,-0.1918175192477995,-0.9324098375774158,-0.3062971336765611,0.9811754358619242,-0.17507283148863104,-0.08151237780678744
2,2,True,,1062.3251525372452,-399.72137860633563,1323.6556504197683,0.007059062763434116,-0.3104701140131849,0.9505569304031936,-0.1884827907117067,-0.9339551240117909,-0.30364792760308323,0.9820511225177786,-0.17702015319381065,-0.06511112136041693
3,3,True,,1060.4144186178994,-401.367430545302,1322.656569743402,-0.007615522235406777,-0.30469802393061074,0.9524185624156339,-0.1839940967050158,-0.9357574778385146,-0.30083901849162964,0.9828978462682617,-0.17753043931135526,-0.04893635580148863
4,4,True,,1058.919246736236,-403.0465981470804,1321.8487412550817,-0.019143907620161934,-0.29980844376102206,0.9538073221833772,-0.17990380199549869,-0.9373784852218516,-0.298255255562666,0.9834979068755536,-0.1773033346916546,-0.03599159177674701
5,5,True,,1057.5938372609676,-404.965715670157,1321.11270809676,-0.029750553303641878,-0.29704164445743925,0.9544009461626426,-0.17879096601752423,-0.9378434567647493,-0.2974616632005983,0.9834371840888709,-0.17948791619929738,-0.025207000809028126
6,6,True,,1056.309530273421,-406.8602353446688,1320.38327632364,-0.04003153711361097,-0.29382011832935656,0.9550221013679444,-0.17720281878062422,-0.9385501880028381,-0.29618019112702076,0.9833598715895026,-0.18108915667361253,-0.014494146498396353
7,7,True,,1054.9510225389026,-408.7046753799043,1319.5972917532868,-0.05088279012230106,-0.28928546246574965,0.9558895662550917,-0.17454054136214178,-0.9398231736294378,-0.2937141496933747,0.9833343994239092,-0.18178647781138466,-0.0026712159311080225
8,8,True,,1053.4141979980436,-410.4743106167819,1318.6894980952627,-0.06324544031267611,-0.2836967676299948,0.956826085720884,-0.1708172564133867,-0.9415203317712124,-0.2904495305088811,0.9832708066402963,-0.18181201527324553,0.011086564446305349
9,9,True,,1051.828066563133,-412.1177317429266,1317.7401094216814,-0.07611477472805653,-0.2769033858127569,0.957878413992887,-0.16539181537960979,-0.9438510820815657,-0.2859907030987102,0.9832863715487641,-0.18019336774390185,0.026043458825138394
10,10,True,,1050.2655293793675,-413.7660463401391,1316.779062268414,-0.08897722553600827,-0.27055851717055185,0.9585828822393955,-0.1602009108531625,-0.94598291300451,-0.28187230524710766,0.9830659802361852,-0.17864606653932744,0.040827214113809004
11,11,True,,1048.896950652604,-415.4798569077379,1315.9167330338378,-0.10044764105935601,-0.2657876614945446,0.9587842251533305,-0.1562612086317965,-0.9474845144171962,-0.2790260375243505,0.9825948840099572,-0.1778482891030203,0.053640283188920404
12,12,True,,1047.8016824374213,-417.2657827443688,1315.2099762567443,-0.10971447515516294,-0.2620297423427247,0.9588029766689466,-0.1532542234749976,-0.9486317756257888,-0.27678673606251164,0.9820773273670983,-0.17730811713192468,0.06392147268820564
13,13,True,,1046.7940326948117,-419.18027735962653,1314.5333016873094,-0.11832989991099413,-0.25945734921500324,0.9584779177035734,-0.15194160429907172,-0.9491611448103594,-0.275693434933283,0.9812806854667419,-0.17825544906288815,0.07289177737790242
14,14,True,,1045.7714494529214,-420.9706534711282,1313.8573803169577,-0.12719137526800203,-0.2551000025192285,0.958512567873851,-0.14855450643519863,-0.9505619750472368,-0.27269670003887264,0.9806905284926682,-0.1770760297414248,0.08300702991786442
15,15,True,,1044.4829208395822,-422.65088583891503,1313.0001753752956,-0.13851236510624906,-0.24880786983867811,0.9585973965221335,-0.1433207328367508,-0.9527025584216176,-0.26798694504777865,0.9799354531048512,-0.1745063869411198,0.09630175836892245
16,16,True,,1042.9683025404565,-424.18955771605914,1311.9898639464218,-0.15203945384493725,-0.24135927348664027,0.958451723132957,-0.1363450819605399,-0.9553324107823632,-0.2622022187814814,0.9789249323108012,-0.17054526088625083,0.11234006805024538
17,17,True,,1041.6984683080805,-425.6553089637729,1311.1563542141278,-0.16362301681505675,-0.23421282558843023,0.9583172025473733,-0.12862331089210674,-0.9580522521116861,-0.25610920740746257,0.9781020152639971,-0.16516729262662694,0.12663417067639396
18,18,True,,1040.7156707790407,-427.3173718363147,1310.4841307622319,-0.17262742433258083,-0.22955847607571234,0.9578636011615097,-0.12377660636804712,-0.9596985609876597,-0.25230541760775727,0.9771791668288414,-0.16211594030203158,0.1372563215873118
19,19,True,,1039.8985312705595,-429.14631059984123,1309.8921478662928,-0.18006414910508822,-0.2268099707314123,0.9571489640509865,-0.12135471000817544,-0.9604978496135129,-0.25043345472729717,0.9761403262676388,-0.1612486218999514,0.14542676978285096
20,20,True,,1039.172892147826,-430.95184522599016,1309.373882053896,-0.18682371622799307,-0.22374412904358965,0.9565748605170888,-0.11845309345902845,-0.961484031971957,-0.24802685522526688,0.9752260064747807,-0.15964655017091461,0.15312483571836624
21,21,True,,1038.3593287111821,-432.76186246930405,1308.778141053868,-0.19442793341309944,-0.22050519746892494,0.9558112975885469,-0.11555254453842262,-0.9624729153298972,-0.24554734107105383,0.974086951026143,-0.15818768961445456,0.16165168324219142
22,22,True,,1037.482054978235,-434.2299727446247,1308.23415203704,-0.20333809387322718,-0.21388498869367628,0.9554615801755236,-0.10764101208676999,-0.9650499844087834,-0.23893919751590056,0.9731736906107453,-0.15143229247459966,0.17320862766891493
23,23,True,,1036.3882253246836,-435.59831855351274,1307.5326356624244,-0.21445838779512744,-0.20622266704745135,0.954714518324798,-0.09833057959189813,-0.9679325491357461,-0.23116590890678015,0.9717709076842321,-0.14345310006902057,0.1873032596063172
24,24,True,,1035.2512830962773,-437.05536500803726,1306.7621048128315,-0.22584650541943668,-0.2000892481470294,0.9533927043804065,-0.09068188177361293,-0.9701113689650354,-0.22507938182512746,0.9699330658905413,-0.13728883632962122,0.20095179300377902
25,25,True,,1034.5375323545118,-438.578550181792,1306.3182719271324,-0.23327598818595693,-0.19539406051119343,0.9525772800423142,-0.08410607336438743,-0.9718787067635003,-0.21994987556925447,0.9687664743162254,-0.13142655917528362,0.21028213852882546
26,26,True,,1034.0355934112176,-440.36863748738875,1305.9630912070777,-0.23831749627446946,-0.1930865212485458,0.951799541017752,-0.08119243881688043,-0.9726451150932501,-0.21764482066937715,0.9677874554097275,-0.12914749473905054,0.21612118302977962
27,27,True,,1033.587449412782,-442.22886720771936,1305.6262770232338,-0.24273755030071117,-0.19140736883140455,0.95102139872405,-0.07924243339732431,-0.973153048292098,-0.21608743912839584,0.9668501013204065,-0.12781378547260158,0.22105320133371378
28,28,True,,1033.1056637190115,-443.6975289562233,1305.4244460874008,-0.24855378546694956,-0.18643022972105333,0.9505076460377395,-0.07178097501149563,-0.9750593330641789,-0.21001616278476706,0.9659547128910594,-0.12042867785786748,0.22897254462698655
29,29,True,,1032.055965173591,-445.14398439871866,1304.720722652547,-0.2596405539458296,-0.18078986159841193,0.9486315452745233,-0.0640608393432754,-0.9769317722374746,-0.20371676724212465,0.9635782228803937,-0.11366326731259323,0.2420695562322701
30,30,True,,1031.0124762335386,-446.1338127798394,1304.2276361041336,-0.27179243710306555,-0.17270431982898968,0.9467323217499138,-0.05062020118147821,-0.9798377811195462,-0.19327575616996276,0.9610236554663589,-0.10045466939436064,0.2575701710814877
31,31,True,,1030.6141081068224,-447.13180740512604,1304.3029198525444,-0.2779135382889413,-0.16569402328994948,0.946207987644213,-0.03746794273027744,-0.9823921189814598,-0.18303518194783744,0.9598751056795264,-0.08632042173846807,0.266811855597931
32,32,True,,1030.3434349101017,-448.90588839802405,1304.1610019381026,-0.2809920466294736,-0.16402433724424476,0.9455894915461814,-0.03453487601177334,-0.9829203188046566,-0.18076224500653834,0.9590885319248851,-0.08344856902630873,0.2705282319049719
33,33,True,,1030.1850967802104,-450.6378929583605,1304.1421903373816,-0.2831441400104571,-0.162210608529117,0.9452603421588955,-0.031073412204706427,-0.9835244292426216,-0.1780846431810775,0.9585738568476062,-0.07979608739524051,0.27343874159437626
34,34,True,,1029.9829996991484,-452.1887118027667,1304.1812087062115,-0.28620997548471133,-0.15933012259591997,0.9448268423190621,-0.025341440428302026,-0.9844738373493528,-0.1736924724093106,0.9578317500114829,-0.07365579140983693,0.27772857804289947
35,35,True,,1029.502798032521,-453.5567616865769,1304.0568260292684,-0.29230036106834056,-0.15530789631430308,0.943631260748468,-0.01736890822713803,-0.9857000224044236,-0.1676120128717392,0.9561688239773952,-0.06538289664999943,0.28542294385585143
36,36,True,,1029.0485436445936,-454.2754066407916,1304.3060155108078,-0.29986719875277634,-0.14801052640661025,0.9424290674554776,-0.0015241904347502318,-0.9878152672869885,-0.15562350258959579,0.9539797377070866,-0.04810282515168374,0.295987800857983
37,37,True,,1028.6725965743613,-455.08727696719814,1304.5697129767302,-0.3063702524127375,-0.14163078154376654,0.9413171570495554,0.012922737163376066,-0.9893971852536304,-0.144658952976992,0.9518247061832141,-0.032154805729395594,0.30495212274674044
38,38,True,,1028.4063748079218,-456.56169686948687,1304.60486436874,-0.3101502685397061,-0.13897221103142335,0.9404751647363081,0.019192325489830565,-0.9899715690826882,-0.1399569471310832,0.9504938009093172,-0.025357779259981648,0.30970714790582643
39,39,True,,1028.4746262691933,-458.04331195380155,1304.9494725596112,-0.31084709450526704,-0.13653028160547623,0.9406027674009698,0.025305059863572465,-0.990467070264716,-0.13540545286852831,0.9501230119215799,-0.018288382267428443,0.3113387179441482
40,40,True,,1028.5896781440936,-459.6509253181021,1305.2774389855315,-0.31077179078194284,-0.13483475147381557,0.9408721931533415,0.02983166523467107,-0.9907828729718479,-0.13213391076849934,0.9500162976515251,-0.012995707777786731,0.31192971287750637
41,41,True,,1028.6783904116382,-460.7503064434748,1305.8763682288172,-0.3122041635218954,-0.13101340448527476,0.9409378556125647,0.040105659687042966,-0.9913798655162668,-0.12472970099385353,0.9491681075239837,-0.00120419854126867,0.3147673006606825
42,42,True,,1028.6146641176545,-461.032748358578,1306.8056435266328,-0.3170018065949343,-0.1240066128766567,0.9402830502451945,0.05934830136673956,-0.992066046995992,-0.11082751248056182,0.9465662331503436,0.020671680159228187,0.32184631099169697
43,43,True,,1028.2676477775422,-461.54801587549974,1307.332943799291,-0.32361458324772535,-0.11837085862971125,0.9387555279926004,0.07563239191498436,-0.9922052318568626,-0.09903796832067772,0.9431613556558704,0.038950195161696885,0.33004475377476683
44,44,True,,1028.1567209782063,-462.64715781519556,1307.7535053023562,-0.3267001788315947,-0.11515191169505007,0.9380868991646667,0.08532303003879217,-0.9920906198880975,-0.09206618529650154,0.9412688105405403,0.04996237747571447,0.33394129295517017
45,45,True,,1028.501983133527,-463.9064183123795,1308.4964277127367,-0.3253814271940896,-0.11243196545932171,0.9388748478791469,0.09316298400305376,-0.9918868813217588,-0.08649319668876843,0.9409822449168657,0.059325102652663914,0.3332160664590872
46,46,True,,1028.947123457103,-465.4467664213316,1309.1676962999538,-0.32252261284143263,-0.11073270217589867,0.9400624622198032,0.09792380586544396,-0.9917083126118428,-0.08321989510567011,0.9414829220175808,0.06521419604193258,0.33069172379096856
47,47,True,,1029.41406859074,-466.07395176365475,1310.4102287102487,-0.32147479832930664,-0.10627064847191987,0.9409359719515932,0.11191713603419205,-0.9909818054162852,-0.07368592807167541,0.9402810796251491,0.08161869030582151,0.330469182665686
48,48,True,,1029.5771697463122,-465.99317284191636,1311.7864564084264,-0.3244964390663269,-0.10007840705610417,0.9405776807230684,0.13267995497734378,-0.9893716496289972,-0.05949595328765592,0.9365351518125113,0.10548957935033025,0.3343259757601955
49,49,True,,1029.4903888789681,-466.2193118764691,1312.7557109280149,-0.32888734230156136,-0.0952798564317908,0.9395503525794417,0.14997645823255498,-0.9875407645689646,-0.04764766825946192,0.932384136528413,0.125239719230292,0.339079392882085
50,50,True,,1029.8243272136838,-466.85162940282396,1313.8400688367879,-0.3289243844433365,-0.09128335180343632,0.9399340929033811,0.16305610850321928,-0.9858581765724,-0.03868282778092912,0.9301728091050386,0.140538270121959,0.3391571019937056
51,51,True,,1030.569568201999,-467.8971261479999,1315.0253513669036,-0.3247319438621589,-0.08798284971662428,0.9417049340378575,0.17199787337555447,-0.9845552482175162,-0.03267559887181942,0.9300354273842424,0.15136043526327217,0.33484940263814483
52,52,True,,1031.408891916766,-469.26291965841244,1316.0900162770859,-0.3191586074075625,-0.08539679351401401,0.9438459466328125,0.17783181053112582,-0.9836374997811785,-0.02886375213748002,0.9308671390058235,0.15863371861542222,0.32912264102816735
53,53,True,,1032.2551808078163,-469.1204296774126,1318.0520516648983,-0.31637403544395626,-0.07950821234250033,0.9452967332361868,0.19711899408852052,-0.9802411296217445,-0.01647513178752122,0.9279286458917174,0.18112363724259253,0.3257954207253036
54,54,True,,1032.7014481607816,-468.4630682071844,1319.92815901508,-0.3176842494097227,-0.07318260303325716,0.94536819509134,0.22042672870586655,-0.975402480357026,-0.0014347771227144175,0.9222194830673506,0.20792861257325373,0.32600140662940447
55,55,True,,1033.0134545820924,-468.40162191852625,1321.3442962977801,-0.318971669276569,-0.06848719452975416,0.9452865059781413,0.23805458297310647,-0.9712006769041833,0.009962966744731384,0.9173805588328212,0.22820768910424527,0.32608919164743977
56,56,True,,1033.9185799005438,-468.68245143888583,1322.9859113586738,-0.3152189133961281,-0.06336494313252244,0.9469012200959382,0.25246324611317217,-0.9674138617700458,0.019306201520923483,0.9148220296863014,0.24514343563917604,0.3209444655445192
57,57,True,,1035.1607971736967,-469.6006339041943,1324.511990676154,-0.3078311582427599,-0.05892639033087469,0.9496144789005138,0.2613134064412418,-0.9649345589400845,0.024831443316467285,0.9148526010396403,0.2557908862443655,0.31243517869364
58,58,True,,1036.467925277942,-470.73541617584317,1325.9332878920334,-0.29969741675850536,-0.05470533800105333,0.9524645843192646,0.2682924423560026,-0.9628974438230578,0.02911491119121568,0.915532972515425,0.2642647132577709,0.30325490525935167
59,59,True,,1037.7522878941722,-469.29336302753745,1328.7477910352864,-0.2960743611107112,-0.046218105856920856,0.9540460467838451,0.29533586957209484,-0.9543131306809244,0.04542216148608188,0.9083593434522368,0.29521235628098563,0.29619751494914626
60,60,True,,1038.5642079112297,-467.644033786187,1331.1948041281435,-0.2962335820877555,-0.038409232030562346,0.9543429130759444,0.32305067421893796,-0.9443307911517332,0.06227052889956338,0.898823634941887,0.3267477433396659,0.2921506212423467
61,61,True,,1039.3626362822401,-467.6290696041926,1332.7656054998067,-0.294003176694627,-0.03329777839721289,0.9552242616513036,0.33792859559238575,-0.9384674820767256,0.07129550733060698,0.8940729256466867,0.34375869885485216,0.2871646924452818
62,62,True,,1040.9119430593214,-467.769862179077,1334.6890310355623,-0.28662032744940946,-0.026379055093057036,0.9576810185783108,0.35140079680699976,-0.9328458163180784,0.07947429132281547,0.8912722748387267,0.35930882041811263,0.27664219431161524
63,63,True,,1042.6592650984455,-468.54548917114386,1336.3983779290047,-0.2769017329853975,-0.020054415547382493,0.9606889458543469,0.3600461444912865,-0.9291105914337973,0.08438176771376198,0.890894047632289,0.3692578087225679,0.2644928479009673
64,64,True,,1044.2967103268918,-468.8230295873318,1338.239862134022,-0.2688500903360434,-0.01323275730707534,0.9630911291567137,0.37203587258635834,-0.9237308042955683,0.09116309946666727,0.888430604175255,0.3828136561429263,0.25326817059251094
65,65,True,,1045.8597794253556,-466.0760415491479,1341.4593913334095,-0.2660812119931771,-0.0025128170047099318,0.9639473400424647,0.4040693352040682,-0.9081905678579221,0.10916897362184681,0.8751735604849957,0.41854937367604067,0.24266779931299015
66,66,True,,1047.2825811898674,-463.52439285145726,1344.2872315380957,-0.26417660868114295,0.007712270157640217,0.9644434873618806,0.43355354758146164,-0.892290522420277,0.125892593024684,0.8615347008712182,0.4513957736709161,0.23237860208456246
67,67,True,,1048.901194767089,-463.9194731782044,1345.8684415706784,-0.25696270893718204,0.014804668564876328,0.9663079157309793,0.44365402282510263,-0.8864892997318852,0.13155922427551425,0.8585693182537846,0.46251220875729965,0.22122654113753099
68,68,True,,1051.0339843542429,-464.12459283084286,1347.7502053577211,-0.24717429697242874,0.023821905675675843,0.9686781631306473,0.45475821087549245,-0.8799089410700637,0.13767797596667505,0.8556283285150784,0.4745448052976014,0.20665766670403213
69,69,True,,1053.085141154438,-464.1806908122236,1349.615674420308,-0.23811825909432072,0.032638026058922125,0.9706876191344295,0.4665166647851729,-0.8727473330207411,0.1437855840580067,0.8518579084352088,0.4870799235856069,0.19259089250593034
70,70,True,,1054.7173116579008,-463.0371685445791,1351.7252957113826,-0.23342178666774815,0.04155366625554111,0.9714872939619743,0.48510906908408635,-0.8608967552968789,0.15338177144522974,0.8427238341243277,0.5070799439339213,0.18079399840360827
71,71,True,,1056.4828378155196,-459.6135840153632,1354.7201733802485,-0.2315838256953505,0.053528151486522985,0.9713411700709188,0.5160140230754439,-0.8396828846611356,0.16929908799709947,0.8246808229041106,0.5404325954322058,0.16683569800438103
72,72,True,,1058.7751434860027,-457.27304112323725,1357.3300048565263,-0.22584824699117556,0.06639080247125254,0.9718975412450821,0.539748601408227,-0.8220102692519896,0.18157798468463798,0.8109648676785425,0.5655894081323436,0.14981523553907772
73,73,True,,1061.3483392511023,-457.7856082780955,1358.946473411528,-0.21483239780201951,0.07722743212548963,0.9735928125155495,0.5476689146144654,-0.8158583227298827,0.18556388979916336,0.8086444217452121,0.5730716542978596,0.13297773580816538
74,74,True,,1064.0158325679884,-457.40172558354874,1360.86472925086,-0.20478264856458653,0.0893031244154713,0.9747250991005146,0.5601203168868918,-0.8059687794256053,0.1915190779053829,0.8027012504396647,0.5851831154098989,0.1150279269645592
75,75,True,,1066.3958314701906,-456.07341428735714,1362.9273363874543,-0.19778371555476482,0.10131783611381502,0.9749955373982827,0.5770630741443424,-0.7919931466708935,0.19936164145947957,0.7923886737709174,0.6020644082750208,0.09817656526898842
76,76,True,,1068.4410873718373,-453.82763423406647,1365.0835646169414,-0.19418484492685817,0.1131570668309885,0.9744166071177868,0.5980019727538844,-0.773758018091565,0.20902672083127596,0.7776155133375328,0.6232928747107742,0.08258393155804947
77,77,True,,1070.705585988036,-451.09755833047603,1367.3448275992184,-0.19074918569572394,0.1264576404170746,0.9734594050788992,0.6204558140388979,-0.7529299726353784,0.21938787371369667,0.7606900360736605,0.6458366058744536,0.06515940093968794
78,78,True,,1073.384034622541,-449.8192608194267,1369.1783813254106,-0.18366239223126984,0.14004501108112571,0.9729622400438647,0.6354924647453958,-0.7382243218585675,0.22621710339468257,0.749944966602023,0.6598577464027727,0.04658649568861056
79,79,True,,1076.2464045766233,-450.1953357640947,1370.5178484214493,-0.17347340144821163,0.152730258259815,0.972923659493322,0.6427776778950172,-0.7309148803852827,0.22934754071334118,0.7461526893269752,0.6651593086195653,0.02862268972099766
80,80,True,,1079.047779015075,-448.41373295601363,1372.40922370095,-0.1669091329982994,0.1670748378894214,0.971713610003472,0.6593363503492948,-0.7138513384260621,0.23599119419035947,0.7330872515804843,0.6800751908219734,0.00898979413715848
81,81,True,,1081.444666264395,-445.50468370900995,1374.3636444712022,-0.16420437889082837,0.1809748832104229,0.9696829448845903,0.6800430519762377,-0.691315942579423,0.24417967768503615,0.7145476676974892,0.6995215216006566,-0.009553606940877412
82,82,True,,1083.6463627097485,-443.1117342975775,1376.0252377848876,-0.1620399109559269,0.1937435513232032,0.9675776473121259,0.6978437170709755,-0.6707634090727711,0.25117841386878564,0.6976798791723607,0.7159189097724321,-0.026512276935269617
83,83,True,,1086.165381406946,-441.39720665980224,1377.4904911778913,-0.1580272013964127,0.20733018488323085,0.9654230150846327,0.7123630610894246,-0.6531150973234175,0.25686482601463345,0.68378817832288,0.7283233238641394,-0.04448441413988923
84,84,True,,1089.0017776092093,-441.0112321221725,1378.655359642097,-0.1508773917344438,0.22099171329895856,0.9635344702275069,0.7214405527950165,-0.6417490442324171,0.2601570545066964,0.6758398785557362,0.7343846586632717,-0.0626069618636592
85,85,True,,1091.8950527261668,-441.3494263465568,1379.6068157389893,-0.1425430221894528,0.23423975604346256,0.9616720977099192,0.7276510275376611,-0.6338394745684686,0.2622432126903459,0.6709735232842525,0.737142630138474,-0.08009540488723223
86,86,True,,1094.5284160587269,-437.8045834483557,1381.327676879784,-0.14135402571667982,0.24944392137590093,0.958017102927866,0.7477172882983435,-0.6073294674710422,0.2684581433317162,0.6487972689472886,0.7542735896410225,-0.10066506731029459
87,87,True,,1096.6572121733493,-433.51744762268015,1382.8917351877622,-0.14367411029285573,0.26330165707017805,0.9539549189640226,0.7692599418445077,-0.5767101607464337,0.2750355110984897,0.6225728004859682,0.7733547878405624,-0.11968909816327396
88,88,True,,1098.8184552011805,-432.0538115652539,1383.8510773056457,-0.14193486577134473,0.2751279961337216,0.9508727988652916,0.780591784522909,-0.5595993020893609,0.27843327214332875,0.6087125428425235,0.7817628840284906,-0.13533600164644202
89,89,True,,1101.361497866662,-431.39177439169356,1384.655757875827,-0.13797423720715,0.2880284511151105,0.9476300550401172,0.7890428367720393,-0.546336533145426,0.28094090889254625,0.5986438938182183,0.7864833144440302,-0.15188641971978442
90,90,True,,1104.1181320130668,-431.5646338832219,1385.3200788175666,-0.1318811651884281,0.30101717200408484,0.9444554094435617,0.7947397245431488,-0.5373376608170946,0.2822357321472483,0.5924492623859218,0.7878178091578512,-0.16836558755310116
91,91,True,,1106.7910926235247,-431.82896116588154,1385.9051730613405,-0.12608103561491724,0.3135749366892452,0.9411558486980814,0.8000617733646995,-0.5287805398574134,0.2833589586878008,0.586519165295391,0.7887090082840683,-0.1842101218520832
92,92,True,,1108.9616450588142,-426.5748923930015,1387.2880423219995,-0.13082574049434856,0.32766669540941024,0.9356918094883498,0.8213354362114541,-0.49275997962433676,0.2873946828039166,0.555241142970733,0.8061154626975594,-0.20465857898571957
93,93,True,,1110.6126907204477,-421.3250026951108,1388.3181517660628,-0.13761452746331546,0.3396415581339903,0.930433153869403,0.8410258374419036,-0.45613109804190255,0.29089510507094035,0.523199562868886,0.8225497148424548,-0.2228770603413525
94,94,True,,1112.6455921291092,-421.4826222964115,1388.6905569493597,-0.13501991918905484,0.34969608230879756,0.9270826669936506,0.8457842106555529,-0.4467303541686923,0.2916865778024049,0.5161576216892905,0.8234953798790821,-0.23544992862573091
95,95,True,,1115.0024150877007,-421.56891681948304,1389.0528179295195,-0.13179209343599302,0.3612049914842728,0.9231261009388724,0.8506271472916492,-0.43695231231942216,0.29241431744902857,0.5089835954117083,0.8237740168793605,-0.24966391152149692
96,96,True,,1117.436113263516,-422.04015489505247,1389.3606102535034,-0.12755728767177302,0.37263031455899637,0.9191712501125586,0.8544605795470162,-0.4292775163592494,0.2926054202310887,0.5036132011395235,0.8227195528368692,-0.26364043888960587
97,97,True,,1119.5973347211095,-421.18386754681296,1389.7728341343316,-0.12628267641968344,0.38359999460541644,0.9148244256550031,0.8614456592043963,-0.41488684645195306,0.292882708398869,0.4918984263790492,0.8250575427083119,-0.278057528842391
98,98,True,,1121.152509401277,-415.66888511989254,1390.5701396132545,-0.13424591480393344,0.39443751089291845,0.9090638505402433,0.8787139675388821,-0.37668574594199267,0.2932057503805156,0.45808274100923263,0.8381687770399966,-0.2960292275852925
99,99,True,,1122.4747380950298,-411.3000835262919,1391.0199775330602,-0.14134978073851115,0.40366878398492345,0.9039202134709171,0.892098238221738,-0.34389843403829085,0.2930778060987952,0.42916310750907566,0.8478121135618106,-0.31150224277043176
100,100,True,,1124.2964763585442,-411.8593125645998,1391.1357107173365,-0.13965469882442486,0.4124845098806975,0.9001961420739039,0.8949675179347701,-0.33642816467887054,0.2930003956524355,0.4237094605244686,0.8465651889366156,-0.3221764639801863
101,101,True,,1126.3086158636997,-412.34983606164695,1391.235524930596,-0.1376559166922334,0.42212624940913696,0.8960247084536209,0.897929858680836,-0.3286410499667314,0.29277470718314885,0.4180583900474133,0.8448695105378935,-0.33380037848154914
102,102,True,,1128.3097924502067,-412.9704803169831,1391.3155794928712,-0.13533967267456828,0.4315411463816021,0.8918830708001994,0.9006219060697673,-0.32163240239440954,0.2922888640322447,0.4129931661754225,0.8428077103999781,-0.3451257857401365
103,103,True,,1129.910979833971,-411.14472292802617,1391.5409060574707,-0.13777957489890788,0.4402065225542889,0.8872626478339638,0.9078122553762072,-0.30211806660193286,0.2908635123584155,0.3960980910449333,0.845542956527562,-0.35799917728563196
104,104,True,,1130.9038514285307,-405.76342410785634,1391.8517043391535,-0.14726638414270657,0.44761734402340647,0.8820154904710937,0.9205432185721738,-0.2641777751363513,0.287767763769312,0.3618187320224257,0.8543118964719143,-0.3731466048408391
105,105,True,,1131.8996789005369,-402.6115833010464,1391.9163437731258,-0.15355270727736253,0.4541115006827998,0.8776128480346037,0.9285434056027891,-0.23746496540381107,0.28533757922387487,0.33797738089902835,0.8587159804926089,-0.3851988510461198
106,106,True,,1133.341373240503,-403.1243257088657,1391.8894986430296,-0.15343563234003793,0.4611223192857357,0.8739700872369471,0.9307164326717186,-0.2297161209443634,0.28460046685327994,0.332000645606666,0.8570861744508651,-0.39392748175513015
107,107,True,,1134.8929896586287,-403.6791862917043,1391.8486030946442,-0.15299935204110873,0.4685478029020426,0.8700885901278499,0.9327993297382544,-0.22224898576715094,0.28370900367336993,0.3263075370181699,0.8550253474144153,-0.40305712568318935
108,108,True,,1136.3997128042242,-404.4491175218932,1391.7986605074652,-0.1522231400081358,0.4756330252431178,0.8663725185762434,0.9345596372495293,-0.21596519059756647,0.2827672556612328,0.32159975135265845,0.8527205062318113,-0.41163252808988726
109,109,True,,1137.4120456224434,-401.99994992282603,1391.832928320926,-0.15713158797822638,0.48143664784362683,0.862280939237632,0.9405847748005114,-0.19317471590531923,0.27925581560349033,0.30101485922278376,0.8549282328055325,-0.4224781311252652
110,110,True,,1137.978020809771,-397.35965779690804,1391.7816977814146,-0.16619169208919934,0.48583580864440984,0.8581048237362152,0.9485793716586728,-0.15897604051557762,0.27372211128373775,0.269402110504291,0.8594708753534478,-0.4344333289182726
111,111,True,,1138.7370021896443,-395.25826488407466,1391.646234005277,-0.17136716624694184,0.4903333159776227,0.8545212306168186,0.9529198809167552,-0.13773566928664574,0.27013438500079384,0.2501539423756706,0.860582433383664,-0.4436449937341355
112,112,True,,1139.717856285528,-395.2034210287913,1391.5242498463465,-0.1732789027831808,0.49525502470524185,0.8512913028772628,0.954921236611812,-0.12706086406939943,0.2682926922033201,0.24103911242374093,0.8594056069901731,-0.45091257351711467
113,113,True,,1140.7777514760596,-395.70257379651804,1391.4099446795494,-0.1741661713549447,0.5003408645987533,0.8481303932580958,0.9563420755360218,-0.11932308304228051,0.2667805023099305,0.23468272052925818,0.8575669192930994,-0.4577149763981173
114,114,True,,1141.8101845224064,-396.61075317586364,1391.3031392408493,-0.1744394887614771,0.5051797505444109,0.8452007361571103,0.9573593506012461,-0.11373737882246175,0.2655689787512015,0.23029098674719078,0.8554865447793335,-0.4637982677032361
115,115,True,,1142.350728486542,-394.1271103441312,1391.1691951961297,-0.1800733056829589,0.5083796325551909,0.8420948603236224,0.9612258981585149,-0.09082060434425494,0.2603774002019009,0.2088501311701006,0.8563304076287338,-0.47231330245996495
116,116,True,,1142.6998435180926,-390.71195880389087,1390.908910815944,-0.18732989308402892,0.5108493107042066,0.8390116166717618,0.9651740777994929,-0.06306048893520405,0.2538944156123792,0.18261026997686855,0.8573542771155284,-0.4812453977033809
117,117,True,,1143.2018054636596,-388.8814044200628,1390.6663858019726,-0.19233646583365394,0.5136606942240923,0.8361575061672551,0.9674854200181924,-0.04336104179798512,0.24918222670651158,0.16425177613298925,0.8568970248888818,-0.48861932296394245
118,118,True,,1143.6098681547562,-387.7856870314601,1390.4287651840784,-0.19646742057103467,0.5159183926750365,0.8338037927197088,0.9690604351326635,-0.027408934851806222,0.24529701048072838,0.1494069132090524,0.8561991371111609,-0.4945711393676812
119,119,True,,1144.2042832006387,-388.4055737607839,1390.2883138126317,-0.19792552165732777,0.5187420167275291,0.8317043993860623,0.9697007834949076,-0.02033420798485112,0.24344796256077236,0.1431987373060149,0.8546889727070807,-0.49899988132952305
120,120,True,,1144.8268157660098,-389.44269500261515,1390.1676505593737,-0.19877384551900848,0.5216332830531778,0.8296913138925517,0.9701263266175353,-0.01541484017380892,0.242110084684598,0.13908223733156097,0.8530305391447478,-0.5029861136704155
121,121,True,,1145.0988031285785,-387.73369505095286,1389.9362248787002,-0.20339242705531327,0.5231176449952892,0.827634853127351,0.9715968141491292,0.003406930673197181,0.23661788511997675,0.12095929626040151,0.852253672516564,-0.5089523812010489
122,122,True,,1145.4363705089654,-385.8757394903273,1389.6160474913042,-0.20822729589702435,0.524892910686266,0.8253052923341233,0.972730999421135,0.02300437206644288,0.23079255107344526,0.1021557438843908,0.8508573506629231,-0.5153697437901245
123,123,True,,1145.5669015558997,-383.12850902974935,1389.2365574895114,-0.2144358498006807,0.5256764617547637,0.8232141421752014,0.9735649406888954,0.04715201181042788,0.22349047864205934,0.07866748109407999,0.8493767982110307,-0.5218912550322057
124,124,True,,1145.301551436672,-380.5782204792712,1388.803606650297,-0.2205624581546977,0.5246539630468514,0.8222471776248249,0.9737821237027257,0.07032097244632228,0.21634078762732994,0.05568283047553431,0.8484062587542813,-0.5264088168874038
125,125,True,,1145.5136319645642,-381.73264146340733,1388.7011024504432,-0.22161203798452644,0.5256163278750432,0.8213498526763734,0.9737631093597884,0.07462290496637779,0.21498099661210965,0.051706010001756765,0.8474425632015035,-0.5283631238118006
126,126,True,,1145.8080308393903,-382.7058905615228,1388.5708089922346,-0.2228539701738347,0.5269448188789418,0.8201617315105594,0.9737221203137596,0.07982983573803508,0.21328954437035805,0.04691844402189997,0.8461420419661686,-0.5308882221596994
127,127,True,,1146.1133133288556,-382.94768543140316,1388.3849298175328,-0.22486327089606728,0.5282915826688102,0.8187456950013271,0.9736310327177689,0.08865520482518569,0.21019720927342356,0.03845934906954236,0.8444218485678163,-0.5342963785488901
128,128,True,,1146.4499440669442,-382.11793966999295,1388.0850594972856,-0.22819161549283656,0.5297393453282268,0.8168872704541253,0.9733037031234544,0.10286045343214008,0.20518194025280437,0.024667551660841357,0.8419002037836528,-0.5390691595371632
129,129,True,,1146.0386620667823,-377.6670211808031,1387.4589159753496,-0.23598105763793192,0.5276452818054743,0.8160290417776227,0.9717228984156014,0.13523079597132537,0.19356456420467216,-0.00821882782797776,0.838631676249701,-0.5446369088298649
130,130,True,,1145.226589536204,-374.2412326769597,1386.8212820438184,-0.24239301693045753,0.5237620971140515,0.8166510215324791,0.9694910703115589,0.1624397012470146,0.1835767088846754,-0.036506025934071915,0.836233585241272,-0.5471569253742745
131,131,True,,1144.989384124676,-375.0560349470829,1386.6875800503035,-0.24375771376902436,0.522621818697104,0.8169752821229233,0.9688923435697381,0.1683822034602308,0.1813699537680324,-0.042776203081142744,0.835771421011516,-0.5474087396729723
132,132,True,,1144.8951430422949,-375.9128298087331,1386.5437381758998,-0.2450609374493512,0.5221196970761641,0.8169064566163865,0.968285946216236,0.17409651404231596,0.17920025155797775,-0.048656585336149534,0.8349140229529076,-0.5482254198594021
133,133,True,,1144.8464216232073,-377.0744725607725,1386.4445040534579,-0.24593618954667326,0.5218355359053505,0.8168249899076536,0.9678382786049472,0.17824866903553627,0.17752881020857586,-0.05295712547217318,0.8342152512711786,-0.5488902052398903
134,134,True,,1144.516958990763,-376.5829169774457,1386.1749506922522,-0.24846822531300056,0.5201365619139516,0.8171422752312734,0.9663898789295754,0.19057930782668006,0.17254022525424115,-0.06598592965389481,0.8325487879930147,-0.5500076114919445
135,135,True,,1143.944051778513,-373.6447623689442,1385.5758667063185,-0.25342318355245963,0.5170833001326529,0.8175582858500434,0.9629988246237985,0.214973366993656,0.16254142627832938,-0.0917058003144788,0.8284994340416507,-0.5524298453028632
136,136,True,,1143.6037814986257,-371.22058647628575,1384.9415827624362,-0.2578811019851889,0.5150836207326333,0.817426572171388,0.9593668981029937,0.23678307353608438,0.1534566092126549,-0.11450979025020011,0.8237855544616973,-0.5552160554208506
137,137,True,,1143.2667348399884,-370.090016116832,1384.477611136245,-0.2609466550816935,0.5131988487617285,0.8176391531912549,0.9564540470634777,0.2521861110268856,0.14696197215957058,-0.13077652334257367,0.8203835121665793,-0.5566582379769992
138,138,True,,1142.8463391402308,-370.0538248226356,1384.1783672241477,-0.26275486109458424,0.511067545281268,0.81839467687134,0.9544091501707802,0.26218539790282985,0.14269544911041862,-0.14164412109740038,0.8185772909669031,-0.556658029378748
139,139,True,,1142.5990280415797,-371.41607917204067,1384.099314713706,-0.26320410203443545,0.5098805734966405,0.818990477016054,0.9537478894295244,0.2653080865827299,0.14133853898543966,-0.14521902107153323,0.8183113221534625,-0.556127697525018
140,140,True,,1142.291760018358,-371.8202958179492,1383.8858774985488,-0.26447181781026413,0.5082886363912523,0.8195714244040332,0.952061569744585,0.2730783932458635,0.13786572655208576,-0.15373166557222803,0.816744056150872,-0.5561436161124299
141,141,True,,1142.1455186137732,-371.58956747377647,1383.5533475684351,-0.26643238597128666,0.5073138927404962,0.8195403577238475,0.9495870749300825,0.2839102644227397,0.13296371264800042,-0.16522158100979834,0.8136507702865489,-0.5573816046307308
142,142,True,,1141.775267534021,-368.97770081238053,1382.852343394322,-0.2703989295733556,0.5049387631470633,0.8197080360452113,0.9440054148899404,0.30624291840617696,0.12275606536761985,-0.18904548538395516,0.8070019333295191,-0.5594726839251076
143,143,True,,1140.798606612103,-365.25951715162194,1381.8945918908198,-0.2746260405583615,0.49969037833180735,0.821516928401267,0.9362138998184656,0.3337920634170425,0.10993812890209435,-0.21928080543891115,0.7993074403522142,-0.5594850705458136
144,144,True,,1139.9423529272538,-364.4893459148893,1381.4192321561902,-0.2760871910499932,0.49545398235876237,0.8235904408763909,0.9320878582914788,0.34708317450684695,0.10366047655617855,-0.23449538878990564,0.7962779799411089,-0.5576318600090728
145,145,True,,1139.3796609110432,-365.4705779862843,1381.26255851298,-0.27626359131388845,0.4928026874167136,0.8251205605178057,0.930511979539846,0.3519622649016669,0.10134110724738656,-0.24047013129948228,0.7957814243623396,-0.5557931634993867
146,146,True,,1138.9045280329474,-366.57156249779837,1381.1299666425816,-0.27638875600856516,0.4905553658422078,0.8264167765694592,0.9291030383671248,0.35625029626942806,0.09926364140470575,-0.24571690957078043,0.7952616924329767,-0.5542400571048818
147,147,True,,1138.3918160279889,-367.7918216523289,1381.0221408851237,-0.2763241221864459,0.48816529613810605,0.8278524162822052,0.9278647614958239,0.3599598930250362,0.09744670229260016,-0.2504235689231113,0.7950619592583963,-0.552416977534192
148,148,True,,1137.4696447466615,-365.7690859559097,1380.363616998245,-0.2782064532637408,0.4833684871506225,0.8300337794283605,0.9211874158530498,0.379030697767807,0.08803110259237887,-0.27205682170530215,0.7891074931714741,-0.5507217536871425
149,149,True,,1136.8348841515021,-363.1302742321434,1379.4696619181425,-0.2808497518820406,0.4797311990148137,0.8312529058954353,0.912880596969785,0.40088547542820174,0.07707043056058456,-0.2962641263195486,0.7804798602670757,-0.5505258896487981
150,150,True,,1136.4356368048775,-361.495413934178,1378.7396446405965,-0.28300518366464866,0.47727546182545727,0.8319352135582645,0.9059077353126417,0.4179120334597678,0.06841569549630228,-0.3150226041408129,0.7730185417108818,-0.5506388045275435
151,151,True,,1135.6738119345644,-360.3278206935979,1378.0747692499588,-0.28406924164282965,0.4733516876768467,0.833812236493294,0.8994981586577883,0.4326704228302261,0.06082242825768977,-0.3319754938601885,0.7672903524620873,-0.5486873303575449
152,152,True,,1135.0919310345084,-361.46089368132454,1377.9157622550651,-0.2836275354987409,0.47066525530222747,0.8354816805640922,0.8976892178958172,0.43669712663568794,0.05873404176225177,-0.3372083764981328,0.7666614879067706,-0.5463704547100534
153,153,True,,1134.568627022973,-362.9079653241083,1377.8214891405403,-0.28303668009099836,0.46829607241651733,0.8370119630461264,0.8965231360086945,0.43926253135426446,0.05739943509634706,-0.34078806364689734,0.7666467355356755,-0.5441656719862898
154,154,True,,1133.9768497527493,-363.25490672686595,1377.5142936759357,-0.2830574254677397,0.4653971601907225,0.8386202818761219,0.8929850438940344,0.4469081841172457,0.05339275560031997,-0.34993743050600407,0.7639885851604309,-0.5420933835377615
155,155,True,,1133.6079870949543,-363.2302257069474,1377.1039941585375,-0.28373197065269334,0.4633860842104235,0.8395055126618702,0.8885357367052048,0.45623997447049724,0.048469890580637866,-0.3605557008664239,0.7596831067328602,-0.5411849627598974
156,156,True,,1132.7195855137545,-359.4558865511629,1375.9033530584456,-0.285803842357104,0.45832714097374977,0.841577325942628,0.8751412629537868,0.48264666960750335,0.03435057775986556,-0.390440691487922,0.7463165710096581,-0.5390432656724498
157,157,True,,1131.6249657064648,-355.95650384333135,1374.5852735147325,-0.2869575785206291,0.4525173698678175,0.8443242138524101,0.8614033189565505,0.5074968020007472,0.020768198035788363,-0.41909386802984416,0.7332632719064329,-0.5354300176987244
158,158,True,,1131.0081801794377,-356.60892677532746,1374.271894740047,-0.28633613372893396,0.44962954094572766,0.8460761753117153,0.8578873059533862,0.5135424487631411,0.017421928779494365,-0.4266626170702178,0.7308265383983337,-0.532777234843515
159,159,True,,1130.3389695493859,-357.3442529828351,1373.9711730126821,-0.28548344731174463,0.4465486016613606,0.8479938370444009,0.8545333710536996,0.5192002298701124,0.014277221663282866,-0.4339031217525433,0.7287149426607814,-0.5298137533853682
160,160,True,,1129.7442717907936,-358.83069914973845,1373.8629466460297,-0.2843213733114888,0.4439380582556052,0.849753115387353,0.8531521062310481,0.521499962596942,0.013010482116919268,-0.4373703697231851,0.728667818312042,-0.5270202749843439
